Train, validation, test sizes: (1, 1844, 1)(1, 527, 1)(264, 1)
{'input_nodes': 32, 'hidden_n_lstm_layers': 0, 'epsilon': 1e-07, 'batch_size': 50, 'epochs': 400}
NSE: -0.024899361897713135
R2: 0.5727841293786965
PBIAS: -26.68790050349435
RMSE: 47.659002278416
