Train, validation, test sizes: (1845, 1)(527, 1)(264, 1)
{'activation_input': 'relu', 'input_nodes': 6, 'drop_1': True, 'hidden_n_layers': 1, 'activation_output': 'linear', 'epsilon': 1e-08, 'batch_size': 20, 'epochs': 200, 'drop_value_1': 0.1, 'hidden_input_nodes': 6, 'activation_hidden': 'elu', 'drop_2': False, 'drop_value_2': 0.1}
NSE: 0.5570972100178964
R2: 0.6690280640506372
PBIAS: -19.918582087553645
RMSE: 31.329866404410144
