Train, validation, test sizes: (1810, 1)(517, 1)(259, 1)
{'activation_input': 'linear', 'input_nodes': 3, 'drop_1': False, 'hidden_n_layers': 3, 'activation_output': 'linear', 'epsilon': 1e-07, 'batch_size': 20, 'epochs': 150, 'drop_value_1': 0.2, 'hidden_input_nodes': 11, 'activation_hidden': 'relu', 'drop_2': False, 'drop_value_2': 0.1}
NSE: 0.6805856290808157
R2: 0.8507556842839561
PBIAS: -39.23652444800511
RMSE: 26.463056101027814
