{'input_nodes': 8, 'hidden_n_layers': 0, 'activation_output': 'linear', 'learning_rate': 0.001, 'batch_size': 100, 'epochs': 150}
NSE: -0.14308744271048068
R2: 0.7038903805012336
PBIAS: -56.71773356515135
RMSE: 50.331985393237666
