Train, validation, test sizes: (1, 1845, 1)(1, 527, 1)(264, 1)
{'input_nodes': 4, 'hidden_n_lstm_layers': 0, 'epsilon': 1e-07, 'batch_size': 30, 'epochs': 300}
NSE: -0.0256525251566031
R2: 0.5658840815377758
PBIAS: -38.99298148143859
RMSE: 47.67651054250801
