Train, validation, test sizes: (1, 1846, 1)(1, 527, 1)(265, 1)
{'input_nodes': 8, 'hidden_n_lstm_layers': 0, 'learning_rate': 0.001, 'epsilon': 1e-08, 'batch_size': 20, 'epochs': 400}
NSE: -0.6552851015484127
R2: 0.3782619200676939
PBIAS: -10.298508449149125
RMSE: 61.136550242170124
