Train, validation, test sizes: (1, 1844, 1)(1, 527, 1)(264, 1)
{'input_nodes': 16, 'hidden_n_lstm_layers': 0, 'learning_rate': 0.0001, 'epsilon': 1e-08, 'batch_size': 30, 'epochs': 250}
NSE: 0.46769022658693105
R2: 0.6423392560278756
PBIAS: 14.216136590594388
RMSE: 34.34682165159413
