{'activation_input': 'elu', 'input_nodes': 5, 'drop_1': False, 'hidden_n_layers': 0, 'activation_output': 'linear', 'learning_rate': 0.001, 'batch_size': 10, 'epochs': 200, 'drop_value_1': 0.2, 'hidden_input_nodes': 2, 'activation_hidden': 'linear', 'drop_2': False, 'drop_value_2': 0.1}
NSE: -0.06255843606894351
R2: 0.2315088538247904
PBIAS: -27.537490796888214
RMSE: 48.982498950909694
