Train, validation, test sizes: (1, 1809, 1)(1, 517, 1)(259, 1)
{'input_nodes': 8, 'hidden_n_lstm_layers': 0, 'learning_rate': 0.01, 'epsilon': 1e-08, 'batch_size': 20, 'epochs': 350}
NSE: 0.6917406142693847
R2: 0.752146485111994
PBIAS: -6.819246603428568
RMSE: 25.996861827753055
