{'input_nodes': 64, 'hidden_n_layers': 0, 'activation_output': 'linear', 'learning_rate': 0.01, 'batch_size': 1, 'epochs': 100}
NSE: 0.5874778225189716
R2: 0.6732076536111402
PBIAS: 14.638264948501936
RMSE: 30.07366947818726
