Train, validation, test sizes: (1, 1846, 1)(1, 527, 1)(265, 1)
{'input_nodes': 32, 'hidden_n_lstm_layers': 0, 'learning_rate': 0.01, 'batch_size': 20, 'epochs': 200}
NSE: -1.1509980468628362
R2: 0.44064652692245404
PBIAS: -104.79722117617784
RMSE: 69.69225773136706
