{'input_nodes': 8, 'hidden_n_layers': 0, 'activation_output': 'linear', 'learning_rate': 0.01, 'batch_size': 10, 'epochs': 250}
NSE: -0.8634006630565492
R2: 0.49776872516533505
PBIAS: 58.48629801784311
RMSE: 64.86607932861685
