{'activation_input': 'elu', 'input_nodes': 3, 'drop_1': False, 'hidden_n_layers': 0, 'activation_output': 'linear', 'learning_rate': 0.01, 'batch_size': 50, 'epochs': 350, 'drop_value_1': 0.2, 'hidden_input_nodes': 2, 'activation_hidden': 'relu', 'drop_2': False, 'drop_value_2': 0.2}
NSE: -0.9733444406254357
R2: 0.20750607035164476
PBIAS: -123.54224624653713
RMSE: 66.75226004239268
