Train, validation, test sizes: (1845, 1)(527, 1)(264, 1)
{'activation_input': 'relu', 'input_nodes': 1, 'drop_1': False, 'hidden_n_layers': 1, 'activation_output': 'linear', 'epsilon': 1e-08, 'batch_size': 30, 'epochs': 150, 'hidden_input_nodes': 2, 'activation_hidden': 'relu', 'drop_2': False, 'drop_value_2': 0.2, 'drop_value_1': 0.2}
NSE: 0.5647966408901146
R2: 0.6641197706066756
PBIAS: 16.02950470134099
RMSE: 31.056352993305907
