{'activation_input': 'linear', 'input_nodes': 8, 'drop_1': False, 'hidden_n_layers': 0, 'activation_output': 'linear', 'learning_rate': 0.01, 'batch_size': 10, 'epochs': 300, 'hidden_input_nodes': 3, 'activation_hidden': 'linear', 'drop_2': False, 'drop_value_2': 0.1, 'drop_value_1': 0.2}
NSE: 0.20720669628445032
R2: 0.42450678395173647
PBIAS: -30.772778943702505
RMSE: 42.310144897066266
