Train, validation, test sizes: (1, 1810, 1)(1, 517, 1)(259, 1)
{'input_nodes': 32, 'hidden_n_lstm_layers': 0, 'learning_rate': 0.01, 'epsilon': 1e-07, 'batch_size': 40, 'epochs': 250}
NSE: 0.7181985732274395
R2: 0.7236901192009227
PBIAS: -8.030556501109759
RMSE: 24.85617886353785
