{'activation_input': 'elu', 'input_nodes': 6, 'drop_1': True, 'hidden_n_layers': 4, 'activation_output': 'linear', 'learning_rate': 0.01, 'batch_size': 10, 'epochs': 350, 'drop_value_1': 0.2, 'hidden_input_nodes': 4, 'activation_hidden': 'relu', 'drop_2': False, 'drop_value_2': 0.1}
NSE: -0.02056173338022349
R2: 0.5196927403935242
PBIAS: -40.52503602668417
RMSE: 48.004744891072455
