Train, validation, test sizes: (1844, 1)(527, 1)(264, 1)
{'activation_input': 'relu', 'input_nodes': 12, 'drop_1': False, 'hidden_n_layers': 0, 'activation_output': 'linear', 'learning_rate': 0.01, 'batch_size': 20, 'epochs': 100, 'hidden_input_nodes': 2, 'activation_hidden': 'elu', 'drop_2': False, 'drop_value_2': 0.2, 'drop_value_1': 0.1}
NSE: 0.14978849050208543
R2: 0.46499805119263515
PBIAS: 40.69200991310212
RMSE: 43.407804941507415
