Train, validation, test sizes: (1845, 1)(527, 1)(264, 1)
{'activation_input': 'elu', 'input_nodes': 3, 'drop_1': False, 'hidden_n_layers': 2, 'activation_output': 'linear', 'learning_rate': 0.001, 'epsilon': 1e-08, 'batch_size': 20, 'epochs': 200, 'hidden_input_nodes': 3, 'activation_hidden': 'relu', 'drop_2': False, 'drop_value_2': 0.1, 'drop_value_1': 0.2}
NSE: 0.36551926323978934
R2: 0.6177323571694525
PBIAS: 27.357213742093755
RMSE: 37.49847063850414
