Train, validation, test sizes: (1, 1851, 1)(1, 529, 1)(265, 1)
{'input_nodes': 16, 'hidden_n_lstm_layers': 0, 'learning_rate': 0.001, 'epsilon': 1e-07, 'batch_size': 20, 'epochs': 350}
NSE: 0.5368914985195844
R2: 0.6117599255358414
PBIAS: 38.369085504721795
RMSE: 32.337459872560885
