Train, validation, test sizes: (1, 1810, 1)(1, 517, 1)(259, 1)
{'input_nodes': 16, 'hidden_n_lstm_layers': 0, 'epsilon': 1e-08, 'batch_size': 20, 'epochs': 300}
NSE: 0.7357525484113538
R2: 0.7581834668191341
PBIAS: 13.605929134891795
RMSE: 24.06956133744059
