Train, validation, test sizes: (1, 1845, 1)(1, 527, 1)(264, 1)
{'input_nodes': 16, 'hidden_n_lstm_layers': 0, 'learning_rate': 0.01, 'epsilon': 1e-08, 'batch_size': 30, 'epochs': 300}
NSE: 0.462048859980434
R2: 0.7196869360855916
PBIAS: -38.4742613110524
RMSE: 34.528344098164546
