Train, validation, test sizes: (1, 1846, 1)(1, 527, 1)(265, 1)
{'input_nodes': 32, 'hidden_n_lstm_layers': 0, 'epsilon': 1e-08, 'batch_size': 10, 'epochs': 100}
NSE: 0.14064954159307863
R2: 0.6558194141287275
PBIAS: -100.04010502830356
RMSE: 44.050382363227094
