Train, validation, test sizes: (1, 1846, 1)(1, 527, 1)(265, 1)
{'input_nodes': 32, 'hidden_n_lstm_layers': 0, 'learning_rate': 0.01, 'batch_size': 50, 'epochs': 400}
NSE: -0.08280631615244327
R2: 0.036340961455982694
PBIAS: -49.33474296605024
RMSE: 49.44699642164613
