{'input_nodes': 8, 'hidden_n_layers': 0, 'activation_output': 'linear', 'learning_rate': 0.001, 'batch_size': 100, 'epochs': 250}
NSE: 0.4948487079770193
R2: 0.5906818775729403
PBIAS: -22.252415101295263
RMSE: 33.77343704789204
