Train, validation, test sizes: (1, 1810, 1)(1, 517, 1)(259, 1)
{'input_nodes': 32, 'hidden_n_lstm_layers': 0, 'epsilon': 1e-07, 'batch_size': 20, 'epochs': 150}
NSE: 0.7191011104303489
R2: 0.7233892761506713
PBIAS: -6.245769328709711
RMSE: 24.81634298069021
