Train, validation, test sizes: (1, 1846, 1)(1, 527, 1)(265, 1)
{'input_nodes': 32, 'hidden_n_lstm_layers': 0, 'learning_rate': 0.01, 'epsilon': 1e-07, 'batch_size': 10, 'epochs': 100}
NSE: 0.6329026963003375
R2: 0.6722197912024597
PBIAS: -24.621909312747352
RMSE: 28.790892194511603
