Train, validation, test sizes: (1, 1845, 1)(1, 527, 1)(264, 1)
{'input_nodes': 4, 'hidden_n_lstm_layers': 0, 'learning_rate': 0.0001, 'batch_size': 40, 'epochs': 150}
NSE: -0.8522553494188303
R2: 0.689147497951522
PBIAS: -67.37492413928344
RMSE: 64.07000587590358
