{'input_nodes': 32, 'hidden_n_layers': 0, 'activation_output': 'softsign', 'learning_rate': 0.01, 'batch_size': 1, 'epochs': 100}
NSE: 0.4731875938585971
R2: 0.6772753781967545
PBIAS: -59.512824967233676
RMSE: 34.16900496197132
