Train, validation, test sizes: (1845, 1)(527, 1)(264, 1)
{'activation_input': 'relu', 'input_nodes': 3, 'drop_1': True, 'hidden_n_layers': 0, 'activation_output': 'softsign', 'learning_rate': 0.0001, 'batch_size': 20, 'epochs': 200, 'drop_value_1': 0.2, 'hidden_input_nodes': 2, 'activation_hidden': 'linear', 'drop_2': False, 'drop_value_2': 0.2}
NSE: 0.42162198417687136
R2: 0.6030074315153694
PBIAS: 0.3177855034982757
RMSE: 35.80224197484729
