{'activation_input': 'linear', 'input_nodes': 1, 'drop_1': False, 'hidden_n_layers': 1, 'activation_output': 'linear', 'learning_rate': 0.001, 'batch_size': 40, 'epochs': 300, 'drop_value_1': 0.2, 'hidden_input_nodes': 4, 'activation_hidden': 'relu', 'drop_2': False, 'drop_value_2': 0.2}
NSE: 0.3195168991437741
R2: 0.6241751650478593
PBIAS: 23.965988946270496
RMSE: 38.834078766730286
