Train, validation, test sizes: (1, 1844, 1)(1, 527, 1)(264, 1)
{'input_nodes': 32, 'hidden_n_lstm_layers': 0, 'epsilon': 1e-08, 'batch_size': 40, 'epochs': 400}
NSE: -0.16203029640460875
R2: 0.574172184162852
PBIAS: -122.94018025278677
RMSE: 50.74731400631669
