{'input_nodes': 8, 'hidden_n_layers': 0, 'activation_output': 'relu', 'learning_rate': 0.01, 'batch_size': 1, 'epochs': 200}
NSE: 0.43249702631726217
R2: 0.6020409224388277
PBIAS: -29.107689019423184
RMSE: 35.46405613585572
