Train, validation, test sizes: (1845, 1)(527, 1)(264, 1)
{'activation_input': 'elu', 'input_nodes': 13, 'drop_1': True, 'hidden_n_layers': 0, 'activation_output': 'linear', 'learning_rate': 0.01, 'epsilon': 1e-08, 'batch_size': 10, 'epochs': 100, 'hidden_input_nodes': 4, 'activation_hidden': 'relu', 'drop_2': False, 'drop_value_2': 0.1, 'drop_value_1': 0.1}
NSE: 0.014849804383651466
R2: 0.6013406693171159
PBIAS: -78.96813000196533
RMSE: 46.725672309581675
