{'activation_input': 'relu', 'input_nodes': 22, 'drop_1': True, 'hidden_n_layers': 0, 'activation_output': 'softsign', 'learning_rate': 0.01, 'batch_size': 10, 'epochs': 250, 'drop_value_1': 0.1, 'hidden_input_nodes': 1, 'activation_hidden': 'softsign', 'drop_2': False, 'drop_value_2': 0.1}
NSE: 0.6799723525042249
R2: 0.7697686030212502
PBIAS: 0.17621150279271472
RMSE: 26.488448493141025
