Train, validation, test sizes: (1, 1851, 1)(1, 529, 1)(265, 1)
{'input_nodes': 8, 'hidden_n_lstm_layers': 0, 'learning_rate': 0.0001, 'epsilon': 1e-07, 'batch_size': 10, 'epochs': 350}
NSE: 0.24928207969044602
R2: 0.5583731204962877
PBIAS: -43.88235041157548
RMSE: 41.172090384628135
