Train, validation, test sizes: (1, 1851, 1)(1, 529, 1)(265, 1)
{'input_nodes': 32, 'hidden_n_lstm_layers': 1, 'learning_rate': 0.0001, 'epsilon': 1e-08, 'batch_size': 20, 'epochs': 250}
NSE: 0.30416567117104354
R2: 0.34208305348957213
PBIAS: 26.34800788215974
RMSE: 39.63852189032298
