Train, validation, test sizes: (1, 1810, 1)(1, 517, 1)(259, 1)
{'input_nodes': 4, 'hidden_n_lstm_layers': 0, 'learning_rate': 0.01, 'epsilon': 1e-07, 'batch_size': 40, 'epochs': 250}
NSE: 0.7538563916049412
R2: 0.8262504516536315
PBIAS: 15.816675921116635
RMSE: 23.230419532854505
