{'input_nodes': 16, 'hidden_n_layers': 0, 'activation_output': 'softsign', 'learning_rate': 0.01, 'batch_size': 10, 'epochs': 200}
NSE: 0.5315558716774338
R2: 0.7134174125886658
PBIAS: -62.75075577599488
RMSE: 32.047316644502935
