Train, validation, test sizes: (1, 1809, 1)(1, 517, 1)(259, 1)
{'input_nodes': 32, 'hidden_n_lstm_layers': 1, 'epsilon': 1e-07, 'batch_size': 10, 'epochs': 350}
NSE: 0.06674610505921108
R2: 0.17761405504363573
PBIAS: 5.619273637830522
RMSE: 45.233758722148636
