{'input_nodes': 64, 'hidden_n_layers': 0, 'activation_output': 'softsign', 'learning_rate': 0.01, 'batch_size': 10, 'epochs': 200}
NSE: 0.3755741356899729
R2: 0.494392376619702
PBIAS: 8.136239307204498
RMSE: 37.00012688704677
