Train, validation, test sizes: (1809, 1)(517, 1)(259, 1)
{'activation_input': 'elu', 'input_nodes': 22, 'drop_1': True, 'hidden_n_layers': 4, 'activation_output': 'linear', 'learning_rate': 0.01, 'epsilon': 1e-08, 'batch_size': 20, 'epochs': 350, 'drop_value_1': 0.2, 'hidden_input_nodes': 22, 'activation_hidden': 'relu', 'drop_2': False, 'drop_value_2': 0.2}
NSE: 0.7399776271459494
R2: 0.764062807046241
PBIAS: 21.344250269860556
RMSE: 23.876360646482027
