Train, validation, test sizes: (1, 1810, 1)(1, 517, 1)(259, 1)
{'input_nodes': 32, 'hidden_n_lstm_layers': 0, 'learning_rate': 0.0001, 'epsilon': 1e-08, 'batch_size': 30, 'epochs': 300}
NSE: 0.6188905067124586
R2: 0.6343179723214069
PBIAS: 17.215467443321174
RMSE: 28.90597715464528
