Train, validation, test sizes: (1, 1810, 1)(1, 517, 1)(259, 1)
{'input_nodes': 32, 'hidden_n_lstm_layers': 0, 'learning_rate': 0.01, 'batch_size': 50, 'epochs': 400}
NSE: 0.603637320643313
R2: 0.6787969772196725
PBIAS: 20.85049836700584
RMSE: 29.478755793719234
