{'input_nodes': 64, 'hidden_n_layers': 0, 'activation_output': 'softsign', 'learning_rate': 0.01, 'batch_size': 50, 'epochs': 200}
NSE: 0.6612069569412113
R2: 0.7207893310018669
PBIAS: -38.64754131821375
RMSE: 27.40132582326416
