Train, validation, test sizes: (1809, 1)(517, 1)(259, 1)
{'activation_input': 'linear', 'input_nodes': 1, 'drop_1': False, 'hidden_n_layers': 2, 'activation_output': 'linear', 'epsilon': 1e-08, 'batch_size': 20, 'epochs': 150, 'hidden_input_nodes': 4, 'activation_hidden': 'elu', 'drop_2': False, 'drop_value_2': 0.1, 'drop_value_1': 0.1}
NSE: 0.6554609380163066
R2: 0.6774105504745366
PBIAS: -24.17773226431773
RMSE: 27.48413069703425
