{'activation_input': 'relu', 'input_nodes': 12, 'drop_1': False, 'hidden_n_layers': 0, 'activation_output': 'linear', 'learning_rate': 0.01, 'batch_size': 20, 'epochs': 400, 'hidden_input_nodes': 4, 'activation_hidden': 'elu', 'drop_2': True, 'drop_value_2': 0.1, 'drop_value_1': 0.2}
NSE: -0.28480784957379957
R2: 0.6093190899252774
PBIAS: 13.772558024898169
RMSE: 53.36093436560946
