{'activation_input': 'linear', 'input_nodes': 16, 'drop_1': False, 'hidden_n_layers': 0, 'activation_output': 'softsign', 'learning_rate': 0.01, 'batch_size': 10, 'epochs': 350, 'hidden_input_nodes': 16, 'activation_hidden': 'softsign', 'drop_2': True, 'drop_value_2': 0.1, 'drop_value_1': 0.2}
NSE: 0.029502743644769236
R2: 0.3714687844738585
PBIAS: -25.20557030880626
RMSE: 46.812483502308936
