Train, validation, test sizes: (1, 1845, 1)(1, 527, 1)(264, 1)
{'input_nodes': 8, 'hidden_n_lstm_layers': 0, 'learning_rate': 0.01, 'epsilon': 1e-08, 'batch_size': 50, 'epochs': 100}
NSE: 0.33177627499777096
R2: 0.6118685869586571
PBIAS: -8.540887714274243
RMSE: 38.48267743347003
