{'input_nodes': 64, 'hidden_n_layers': 0, 'activation_output': 'relu', 'learning_rate': 0.001, 'batch_size': 10, 'epochs': 100}
NSE: 0.4405655956754667
R2: 0.6669028323298154
PBIAS: 15.445443738808207
RMSE: 35.211045507762556
