Train, validation, test sizes: (1, 1844, 1)(1, 527, 1)(264, 1)
{'input_nodes': 8, 'hidden_n_lstm_layers': 0, 'learning_rate': 0.01, 'epsilon': 1e-08, 'batch_size': 30, 'epochs': 150}
NSE: -0.7547943144731548
R2: 0.605519217243844
PBIAS: -146.20519003951364
RMSE: 62.36162800037098
