{'input_nodes': 64, 'hidden_n_layers': 0, 'activation_output': 'linear', 'learning_rate': 0.01, 'batch_size': 100, 'epochs': 150}
NSE: 0.32987891623955223
R2: 0.38470056755318716
PBIAS: 1.8146539463306597
RMSE: 38.330052375932745
