Train, validation, test sizes: (1844, 1)(527, 1)(264, 1)
{'activation_input': 'relu', 'input_nodes': 5, 'drop_1': False, 'hidden_n_layers': 0, 'activation_output': 'softsign', 'epsilon': 1e-07, 'batch_size': 30, 'epochs': 250, 'drop_value_1': 0.2, 'hidden_input_nodes': 5, 'activation_hidden': 'softsign', 'drop_2': True, 'drop_value_2': 0.1}
NSE: 0.10019427882069343
R2: 0.5021987929930768
PBIAS: 12.498808906864173
RMSE: 44.65588595861659
