Train, validation, test sizes: (1810, 1)(517, 1)(259, 1)
{'activation_input': 'elu', 'input_nodes': 1, 'drop_1': False, 'hidden_n_layers': 4, 'activation_output': 'linear', 'epsilon': 1e-08, 'batch_size': 30, 'epochs': 150, 'hidden_input_nodes': 6, 'activation_hidden': 'elu', 'drop_2': False, 'drop_value_2': 0.1, 'drop_value_1': 0.2}
NSE: 0.676619808005682
R2: 0.7112669354813306
PBIAS: -17.57785760161384
RMSE: 26.626830818634826
