{'activation_input': 'relu', 'input_nodes': 4, 'drop_1': True, 'hidden_n_layers': 1, 'activation_output': 'linear', 'learning_rate': 0.01, 'batch_size': 40, 'epochs': 350, 'hidden_input_nodes': 4, 'activation_hidden': 'elu', 'drop_2': True, 'drop_value_2': 0.1, 'drop_value_1': 0.1}
NSE: 0.40373568307841357
R2: 0.6170226946911094
PBIAS: -70.12628158716639
RMSE: 36.15615017861958
