Train, validation, test sizes: (1, 1851, 1)(1, 529, 1)(265, 1)
{'input_nodes': 4, 'hidden_n_lstm_layers': 0, 'learning_rate': 0.0001, 'epsilon': 1e-08, 'batch_size': 10, 'epochs': 150}
NSE: 0.15342627579545076
R2: 0.5587115147327386
PBIAS: -47.31714289437593
RMSE: 43.72168776210858
