Train, validation, test sizes: (1, 1851, 1)(1, 529, 1)(265, 1)
{'input_nodes': 32, 'hidden_n_lstm_layers': 0, 'learning_rate': 0.01, 'epsilon': 1e-08, 'batch_size': 40, 'epochs': 250}
NSE: 0.20698066874577636
R2: 0.5648008603168183
PBIAS: -94.87718966520433
RMSE: 42.316175836238315
