Train, validation, test sizes: (1846, 1)(527, 1)(265, 1)
{'activation_input': 'linear', 'input_nodes': 6, 'drop_1': False, 'hidden_n_layers': 1, 'activation_output': 'linear', 'epsilon': 1e-07, 'batch_size': 30, 'epochs': 350, 'hidden_input_nodes': 1, 'activation_hidden': 'relu', 'drop_2': True, 'drop_value_2': 0.2, 'drop_value_1': 0.2}
NSE: 0.11899815960516469
R2: 0.4639617782878375
PBIAS: 11.114156668201824
RMSE: 44.60185626870323
