Train, validation, test sizes: (1, 1809, 1)(1, 517, 1)(259, 1)
{'input_nodes': 16, 'hidden_n_lstm_layers': 0, 'learning_rate': 0.001, 'epsilon': 1e-07, 'batch_size': 30, 'epochs': 200}
NSE: 0.3777864963839104
R2: 0.6721111518155919
PBIAS: 53.72100083740726
RMSE: 36.9345224127188
