Train, validation, test sizes: (1845, 1)(527, 1)(264, 1)
{'activation_input': 'relu', 'input_nodes': 6, 'drop_1': False, 'hidden_n_layers': 3, 'activation_output': 'linear', 'epsilon': 1e-08, 'batch_size': 40, 'epochs': 150, 'drop_value_1': 0.1, 'hidden_input_nodes': 13, 'activation_hidden': 'relu', 'drop_2': True, 'drop_value_2': 0.2}
NSE: 0.2095027181082041
R2: 0.5943115418107794
PBIAS: 93.6306269251025
RMSE: 41.85569189644942
