Train, validation, test sizes: (1, 1810, 1)(1, 517, 1)(259, 1)
{'input_nodes': 32, 'hidden_n_lstm_layers': 0, 'learning_rate': 0.01, 'batch_size': 50, 'epochs': 400}
NSE: 0.588637576111984
R2: 0.6097887516122421
PBIAS: -19.977480194511067
RMSE: 30.031365577386392
