Train, validation, test sizes: (1851, 1)(529, 1)(265, 1)
{'activation_input': 'relu', 'input_nodes': 5, 'drop_1': False, 'hidden_n_layers': 1, 'activation_output': 'linear', 'learning_rate': 0.01, 'epsilon': 1e-07, 'batch_size': 40, 'epochs': 150, 'hidden_input_nodes': 3, 'activation_hidden': 'linear', 'drop_2': False, 'drop_value_2': 0.2, 'drop_value_1': 0.1}
NSE: -0.10043325703822537
R2: 0.23783818536965082
PBIAS: -57.98078405140436
RMSE: 49.847844049326945
