Train, validation, test sizes: (1, 1809, 1)(1, 517, 1)(259, 1)
{'input_nodes': 4, 'hidden_n_lstm_layers': 1, 'learning_rate': 0.01, 'epsilon': 1e-08, 'batch_size': 30, 'epochs': 400}
NSE: 0.5145904881381703
R2: 0.5455905312508706
PBIAS: 15.524117439353525
RMSE: 32.62247543375674
