{'activation_input': 'relu', 'input_nodes': 22, 'drop_1': True, 'hidden_n_layers': 0, 'activation_output': 'softsign', 'learning_rate': 0.01, 'batch_size': 20, 'epochs': 350, 'drop_value_1': 0.2, 'hidden_input_nodes': 5, 'activation_hidden': 'relu', 'drop_2': True, 'drop_value_2': 0.1}
NSE: 0.7563024132889982
R2: 0.7584980654100311
PBIAS: 6.155024682865458
RMSE: 23.114706633082168
