Train, validation, test sizes: (1844, 1)(527, 1)(264, 1)
{'activation_input': 'relu', 'input_nodes': 3, 'drop_1': False, 'hidden_n_layers': 0, 'activation_output': 'softsign', 'epsilon': 1e-08, 'batch_size': 20, 'epochs': 100, 'drop_value_1': 0.2, 'hidden_input_nodes': 6, 'activation_hidden': 'linear', 'drop_2': False, 'drop_value_2': 0.2}
NSE: 0.18879841287729304
R2: 0.45960451219634363
PBIAS: 12.15658528157522
RMSE: 42.40028060914839
