Train, validation, test sizes: (1, 1851, 1)(1, 529, 1)(265, 1)
{'input_nodes': 4, 'hidden_n_lstm_layers': 0, 'epsilon': 1e-08, 'batch_size': 50, 'epochs': 300}
NSE: 0.5589203559047532
R2: 0.5796311031411916
PBIAS: -6.154792122936335
RMSE: 31.55898549157374
