Train, validation, test sizes: (1, 1851, 1)(1, 529, 1)(265, 1)
{'input_nodes': 8, 'hidden_n_lstm_layers': 0, 'learning_rate': 0.001, 'batch_size': 40, 'epochs': 350}
NSE: 0.23478425943293124
R2: 0.4348553311894564
PBIAS: 11.070017677387893
RMSE: 41.56774579283372
