{'activation_input': 'linear', 'input_nodes': 13, 'drop_1': False, 'hidden_n_layers': 0, 'activation_output': 'linear', 'learning_rate': 0.01, 'batch_size': 10, 'epochs': 100, 'hidden_input_nodes': 4, 'activation_hidden': 'elu', 'drop_2': True, 'drop_value_2': 0.2, 'drop_value_1': 0.1}
NSE: 0.07851524796482778
R2: 0.5880412628053282
PBIAS: -38.793302453810554
RMSE: 45.1906316385067
