Train, validation, test sizes: (1, 1844, 1)(1, 527, 1)(264, 1)
{'input_nodes': 8, 'hidden_n_lstm_layers': 0, 'epsilon': 1e-07, 'batch_size': 40, 'epochs': 250}
NSE: -0.5097880212913091
R2: 0.6771417037788401
PBIAS: -150.16119431007237
RMSE: 57.84453345613494
