Train, validation, test sizes: (1, 1809, 1)(1, 517, 1)(259, 1)
{'input_nodes': 32, 'hidden_n_lstm_layers': 0, 'learning_rate': 0.001, 'batch_size': 20, 'epochs': 400}
NSE: -0.632275169181117
R2: 0.47301268854766443
PBIAS: 72.59667774720587
RMSE: 59.8217975302288
