{'input_nodes': 8, 'hidden_n_layers': 0, 'activation_output': 'relu', 'learning_rate': 0.01, 'batch_size': 10, 'epochs': 50}
NSE: 0.049626657468391566
R2: 0.6818088673239646
PBIAS: 21.434444479813365
RMSE: 46.324596912641994
