Train, validation, test sizes: (1, 1851, 1)(1, 529, 1)(265, 1)
{'input_nodes': 32, 'hidden_n_lstm_layers': 0, 'learning_rate': 0.01, 'epsilon': 1e-07, 'batch_size': 50, 'epochs': 300}
NSE: 0.5251589898560223
R2: 0.615315202558911
PBIAS: -40.426230820795354
RMSE: 32.744520572986104
