Train, validation, test sizes: (1846, 1)(527, 1)(265, 1)
{'activation_input': 'relu', 'input_nodes': 4, 'drop_1': False, 'hidden_n_layers': 0, 'activation_output': 'linear', 'learning_rate': 0.001, 'epsilon': 1e-07, 'batch_size': 20, 'epochs': 350, 'hidden_input_nodes': 3, 'activation_hidden': 'elu', 'drop_2': True, 'drop_value_2': 0.1, 'drop_value_1': 0.2}
NSE: 0.5329349885260243
R2: 0.5444222061547624
PBIAS: 15.319055908617788
RMSE: 32.47530162729471
