Train, validation, test sizes: (1810, 1)(517, 1)(259, 1)
{'activation_input': 'linear', 'input_nodes': 5, 'drop_1': False, 'hidden_n_layers': 1, 'activation_output': 'softsign', 'epsilon': 1e-07, 'batch_size': 40, 'epochs': 200, 'drop_value_1': 0.1, 'hidden_input_nodes': 3, 'activation_hidden': 'elu', 'drop_2': False, 'drop_value_2': 0.2}
NSE: 0.5895161606907791
R2: 0.5905749390734419
PBIAS: -0.5292923827908896
RMSE: 29.999278059814337
