Train, validation, test sizes: (1, 1810, 1)(1, 517, 1)(259, 1)
{'input_nodes': 4, 'hidden_n_lstm_layers': 0, 'learning_rate': 0.01, 'epsilon': 1e-07, 'batch_size': 50, 'epochs': 250}
NSE: 0.6900300275771729
R2: 0.7531376035059322
PBIAS: -37.70287109746586
RMSE: 26.06889266553557
