Train, validation, test sizes: (1, 1809, 1)(1, 517, 1)(259, 1)
{'input_nodes': 4, 'hidden_n_lstm_layers': 0, 'learning_rate': 0.0001, 'epsilon': 1e-07, 'batch_size': 10, 'epochs': 400}
NSE: 0.43410267529129143
R2: 0.5942792398577347
PBIAS: 33.94465006103034
RMSE: 35.22342573588386
