Train, validation, test sizes: (1, 1845, 1)(1, 527, 1)(264, 1)
{'input_nodes': 32, 'hidden_n_lstm_layers': 0, 'epsilon': 1e-07, 'batch_size': 20, 'epochs': 300}
NSE: -0.06838954664983965
R2: 0.5424535412078471
PBIAS: -56.553116302227245
RMSE: 48.65966896047948
