Train, validation, test sizes: (1, 1809, 1)(1, 517, 1)(259, 1)
{'input_nodes': 4, 'hidden_n_lstm_layers': 2, 'learning_rate': 0.01, 'batch_size': 40, 'epochs': 300}
NSE: -0.06008320805275602
R2: 0.22935076990755895
PBIAS: -21.04674474796879
RMSE: 48.20951353809947
