{'input_nodes': 8, 'hidden_n_layers': 0, 'activation_output': 'linear', 'learning_rate': 0.01, 'batch_size': 10, 'epochs': 200}
NSE: 0.1988365237696128
R2: 0.593390363824665
PBIAS: 45.05426835661782
RMSE: 42.53291000299871
