{'input_nodes': 16, 'hidden_n_layers': 0, 'activation_output': 'relu', 'learning_rate': 0.01, 'batch_size': 10, 'epochs': 100}
NSE: 0.5682973075127302
R2: 0.7811043941727487
PBIAS: 32.944011467456555
RMSE: 30.93119604685149
