Train, validation, test sizes: (1, 1809, 1)(1, 517, 1)(259, 1)
{'input_nodes': 32, 'hidden_n_lstm_layers': 0, 'epsilon': 1e-07, 'batch_size': 40, 'epochs': 100}
NSE: 0.42411899178783596
R2: 0.7196690650407701
PBIAS: 13.357090804494936
RMSE: 35.53277695414816
