{'input_nodes': 8, 'hidden_n_layers': 0, 'activation_output': 'relu', 'learning_rate': 0.01, 'batch_size': 100, 'epochs': 200}
NSE: 0.1806373671767587
R2: 0.6383627914227853
PBIAS: 14.744759176129726
RMSE: 42.61302962157666
