{'input_nodes': 8, 'hidden_n_layers': 0, 'activation_output': 'relu', 'learning_rate': 0.01, 'batch_size': 1, 'epochs': 50}
NSE: 0.0925963576969514
R2: 0.4115630343068322
PBIAS: 4.423818777086521
RMSE: 45.26523559401398
