Train, validation, test sizes: (1, 1845, 1)(1, 527, 1)(264, 1)
{'input_nodes': 16, 'hidden_n_lstm_layers': 0, 'learning_rate': 0.01, 'epsilon': 1e-08, 'batch_size': 40, 'epochs': 150}
NSE: 0.21629027820042002
R2: 0.7198447207948395
PBIAS: -101.43448126729382
RMSE: 41.67560873189461
