Train, validation, test sizes: (1844, 1)(527, 1)(264, 1)
{'activation_input': 'elu', 'input_nodes': 12, 'drop_1': False, 'hidden_n_layers': 3, 'activation_output': 'linear', 'learning_rate': 0.0001, 'epsilon': 1e-07, 'batch_size': 30, 'epochs': 350, 'hidden_input_nodes': 1, 'activation_hidden': 'relu', 'drop_2': True, 'drop_value_2': 0.1, 'drop_value_1': 0.1}
NSE: 0.1626356054787752
R2: 0.641792882541166
PBIAS: 37.563892675773495
RMSE: 43.078599931123364
