Train, validation, test sizes: (1, 1846, 1)(1, 527, 1)(265, 1)
{'input_nodes': 4, 'hidden_n_lstm_layers': 0, 'epsilon': 1e-08, 'batch_size': 30, 'epochs': 400}
NSE: 0.5044755622953094
R2: 0.5790583310550633
PBIAS: -23.8795339459183
RMSE: 33.45007260061563
