{'input_nodes': 64, 'hidden_n_layers': 0, 'activation_output': 'relu', 'learning_rate': 0.001, 'batch_size': 50, 'epochs': 150}
NSE: 0.6549762748162355
R2: 0.7391829022398893
PBIAS: 40.30870053806693
RMSE: 27.9118746432676
