{'input_nodes': 16, 'hidden_n_layers': 0, 'activation_output': 'softsign', 'learning_rate': 0.001, 'batch_size': 1, 'epochs': 50}
NSE: 0.39977560991155925
R2: 0.5625426083062127
PBIAS: 3.3878220200731732
RMSE: 36.47213229012157
