Train, validation, test sizes: (1, 1810, 1)(1, 517, 1)(259, 1)
{'input_nodes': 32, 'hidden_n_lstm_layers': 0, 'learning_rate': 0.0001, 'epsilon': 1e-08, 'batch_size': 40, 'epochs': 350}
NSE: 0.5850174424640713
R2: 0.6355335627473611
PBIAS: 11.71909408128195
RMSE: 30.16321939931535
