{'activation_input': 'linear', 'input_nodes': 5, 'drop_1': False, 'hidden_n_layers': 1, 'activation_output': 'linear', 'learning_rate': 0.01, 'batch_size': 20, 'epochs': 150, 'drop_value_1': 0.2, 'hidden_input_nodes': 6, 'activation_hidden': 'elu', 'drop_2': True, 'drop_value_2': 0.1}
NSE: -0.33876546106061967
R2: 0.24462593595280754
PBIAS: -7.5820309986070065
RMSE: 54.98152426603568
