Train, validation, test sizes: (1, 1844, 1)(1, 527, 1)(264, 1)
{'input_nodes': 4, 'hidden_n_lstm_layers': 2, 'learning_rate': 0.01, 'batch_size': 40, 'epochs': 200}
NSE: -0.12744388195586054
R2: 0.37961426247358027
PBIAS: -96.5616759007321
RMSE: 49.98639331540532
