{'input_nodes': 64, 'hidden_n_layers': 0, 'activation_output': 'relu', 'learning_rate': 0.001, 'batch_size': 100, 'epochs': 250}
NSE: 0.6269200882147609
R2: 0.7981842982382862
PBIAS: 50.85758830158411
RMSE: 28.599846637885115
