{'input_nodes': 8, 'hidden_n_layers': 0, 'activation_output': 'relu', 'learning_rate': 0.01, 'batch_size': 10, 'epochs': 200}
NSE: 0.31429040012441445
R2: 0.5975844689838101
PBIAS: 23.751055895953574
RMSE: 39.349085255479416
